milpontos: .word 64, 32
.byte 164,164,164,164,164,164,164,164,164,164,164,164,164,164,164,164,164,164,164,164,164,164,164,164,164,164,164,164,164,164,164,164,164,164,164,164,164,164,164,164,164,164,164,164,164,164,164,164,164,164,164,164,164,164,164,164,164,164,164,164,164,164,164,164,
164,164,164,164,164,164,164,164,164,164,164,164,164,164,164,164,164,164,164,164,164,164,164,164,164,164,164,164,164,164,164,164,164,164,164,164,164,164,164,164,164,164,164,164,164,164,164,164,164,164,164,164,164,164,164,164,164,164,164,164,164,164,164,164,
164,164,164,164,164,164,164,164,164,164,164,164,164,164,164,164,164,164,164,164,164,164,164,164,164,164,164,164,164,164,164,164,164,164,164,164,164,164,164,164,164,164,164,164,164,164,164,164,164,164,164,164,164,164,164,164,164,164,164,164,164,164,164,164,
164,164,164,164,164,164,164,164,164,164,164,164,164,164,164,164,164,164,164,164,164,164,164,164,164,164,164,164,164,164,164,164,164,164,164,164,164,164,164,164,164,164,164,164,164,164,164,164,164,164,164,164,164,164,164,164,164,164,164,164,164,164,164,164,
164,164,164,164,164,164,164,164,164,164,164,164,164,164,164,164,164,164,164,164,164,164,164,164,164,164,164,164,164,164,164,164,164,164,164,164,164,164,164,164,164,164,164,164,164,164,164,164,164,164,164,164,164,164,164,164,164,164,164,164,164,164,164,164,
164,164,164,164,164,164,164,164,164,164,164,164,164,164,164,164,164,164,164,164,164,164,164,164,164,164,164,164,164,164,164,164,164,164,164,164,164,164,164,164,164,164,164,164,164,164,164,164,164,164,164,164,164,164,164,164,164,164,164,164,164,164,164,164,
164,164,164,164,164,164,164,164,164,164,164,164,164,164,164,164,164,164,164,164,164,164,164,164,164,164,164,164,164,164,164,164,164,164,164,164,164,164,164,164,164,164,164,164,164,164,164,164,164,164,164,164,164,164,164,164,164,164,164,164,164,164,164,164,
164,164,164,164,164,164,164,164,164,164,164,164,164,164,164,164,164,164,164,164,164,164,164,164,164,164,164,164,164,164,164,164,164,164,164,164,164,164,164,164,164,164,164,164,164,164,164,164,164,164,164,164,164,164,164,164,164,164,164,164,164,164,164,164,
164,164,164,164,164,164,164,164,164,164,164,164,164,164,164,164,164,164,164,164,164,164,164,164,164,164,164,164,164,164,164,164,164,164,164,164,164,164,164,164,164,164,164,164,164,164,164,164,164,164,164,164,164,164,164,164,164,164,164,164,164,164,164,164,
164,164,164,164,164,164,164,164,164,164,164,164,164,164,164,164,164,164,164,164,164,164,164,164,164,164,164,164,164,164,164,164,164,164,164,164,164,164,164,164,164,164,164,164,164,164,164,164,164,164,164,164,164,164,164,164,164,164,164,164,164,164,164,164,
164,164,164,164,164,164,164,164,173,164,91,82,173,164,164,164,164,164,164,173,91,82,82,82,91,173,164,164,164,164,164,164,164,164,173,91,82,82,82,91,173,164,164,164,164,164,164,164,164,164,91,82,82,82,164,182,164,164,164,164,164,164,164,164,
164,164,164,164,164,164,173,164,164,164,9,9,173,164,164,164,164,164,164,82,91,164,164,82,9,9,91,164,164,164,164,164,182,91,82,91,164,91,82,9,73,164,164,164,164,164,164,173,82,82,91,164,91,82,9,82,173,164,164,164,164,164,164,164,
164,164,164,164,164,164,164,164,164,164,73,9,173,164,164,164,164,91,73,164,164,164,164,164,164,9,9,164,164,164,164,182,82,73,173,164,164,164,182,91,0,9,164,164,164,164,173,82,82,173,164,164,164,173,82,0,73,182,164,164,164,164,164,164,
164,164,164,164,164,164,164,164,164,164,73,9,173,164,164,164,164,9,91,164,164,164,164,164,164,91,0,82,182,164,164,164,0,164,164,164,164,164,164,182,82,0,82,164,164,164,82,9,173,164,164,164,164,164,173,73,0,91,164,164,164,164,164,164,
164,164,164,164,164,164,164,164,164,164,73,9,173,164,164,164,82,0,173,164,164,164,164,164,164,173,9,9,173,164,164,82,73,182,164,164,164,164,164,164,91,0,73,173,164,182,9,82,164,164,164,164,164,164,164,91,0,82,164,164,164,164,164,164,
164,164,164,164,164,164,164,164,164,164,73,73,173,164,164,182,82,0,173,164,164,164,164,164,164,164,73,0,164,164,173,9,82,164,164,164,164,164,164,164,173,9,9,173,164,164,9,91,164,164,164,164,164,164,164,164,0,0,164,164,164,164,164,164,
164,164,164,164,164,164,164,164,164,164,73,73,173,164,164,173,73,0,182,164,164,164,164,164,164,164,82,0,164,164,173,9,82,164,164,164,164,164,164,164,182,9,9,173,164,91,0,91,164,164,164,164,164,164,164,173,9,0,182,164,164,164,164,164,
164,164,164,164,164,164,164,164,164,164,73,73,173,164,164,173,9,0,173,164,164,164,164,164,164,164,82,9,173,164,173,9,73,164,164,164,164,164,164,164,173,9,9,173,164,91,0,82,164,164,164,164,164,164,164,164,9,73,164,164,164,164,164,164,
164,164,164,164,164,164,164,164,164,164,9,82,164,164,164,182,82,0,91,164,164,164,164,164,164,164,9,82,182,164,173,9,0,173,164,164,164,164,164,164,173,9,82,164,164,164,9,73,173,164,164,164,164,164,164,164,0,91,164,164,164,164,164,164,
164,164,164,164,164,164,164,164,164,182,9,82,164,164,164,164,91,0,73,173,164,164,164,164,164,164,9,91,164,164,164,82,0,82,164,164,164,164,164,164,91,0,164,164,164,182,73,0,91,164,164,164,164,164,164,82,9,173,164,164,164,164,164,164,
164,164,164,164,164,164,164,164,164,182,9,82,164,164,164,164,173,73,0,82,173,164,164,164,173,73,82,182,164,164,164,164,9,0,91,164,164,164,164,164,9,91,164,164,164,164,164,9,9,164,164,164,164,164,91,73,164,164,164,164,164,164,164,164,
164,164,164,164,164,164,164,164,164,173,9,82,164,164,164,164,164,173,82,0,73,91,164,91,73,82,182,164,164,164,164,164,164,9,0,82,91,164,82,73,91,164,164,164,164,164,164,91,9,9,82,91,91,82,73,164,164,164,164,164,164,164,164,164,
164,164,164,164,164,164,164,164,164,173,91,164,164,164,164,164,164,164,182,164,91,82,82,91,173,164,164,164,164,164,164,164,164,173,164,82,82,82,91,173,164,164,164,164,164,164,164,164,173,91,82,82,91,164,173,164,164,164,164,164,164,164,164,164,
164,164,164,164,164,164,164,164,164,164,164,164,164,164,164,164,164,164,164,164,164,164,164,164,164,164,164,164,164,164,164,164,164,164,164,164,164,164,164,164,164,164,164,164,164,164,164,164,164,164,164,164,164,164,164,164,164,164,164,164,164,164,164,164,
164,164,164,164,164,164,164,164,164,164,164,164,164,164,164,164,164,164,164,164,164,164,164,164,164,164,164,164,164,164,164,164,164,164,164,164,164,164,164,164,164,164,164,164,164,164,164,164,164,164,164,164,164,164,164,164,164,164,164,164,164,164,164,164,
164,164,164,164,164,164,164,164,164,164,164,164,164,164,164,164,164,164,164,164,164,164,164,164,164,164,164,164,164,164,164,164,164,164,164,164,164,164,164,164,164,164,164,164,164,164,164,164,164,164,164,164,164,164,164,164,164,164,164,164,164,164,164,164,
164,164,164,164,164,164,164,164,164,164,164,164,164,164,164,164,164,164,164,164,164,164,164,164,164,164,164,164,164,164,164,164,164,164,164,164,164,164,164,164,164,164,164,164,164,164,164,164,164,164,164,164,164,164,164,164,164,164,164,164,164,164,164,164,
164,164,164,164,164,164,164,164,164,164,164,164,164,164,164,164,164,164,164,164,164,164,164,164,164,164,164,164,164,164,164,164,164,164,164,164,164,164,164,164,164,164,164,164,164,164,164,164,164,164,164,164,164,164,164,164,164,164,164,164,164,164,164,164,
164,164,164,164,164,164,164,164,164,164,164,164,164,164,164,164,164,164,164,164,164,164,164,164,164,164,164,164,164,164,164,164,164,164,164,164,164,164,164,164,164,164,164,164,164,164,164,164,164,164,164,164,164,164,164,164,164,164,164,164,164,164,164,164,
164,164,164,164,164,164,164,164,164,164,164,164,164,164,164,164,164,164,164,164,164,164,164,164,164,164,164,164,164,164,164,164,164,164,164,164,164,164,164,164,164,164,164,164,164,164,164,164,164,164,164,164,164,164,164,164,164,164,164,164,164,164,164,164,
164,164,164,164,164,164,164,164,164,164,164,164,164,164,164,164,164,164,164,164,164,164,164,164,164,164,164,164,164,164,164,164,164,164,164,164,164,164,164,164,164,164,164,164,164,164,164,164,164,164,164,164,164,164,164,164,164,164,164,164,164,164,164,164,
164,164,164,164,164,164,164,164,164,164,164,164,164,164,164,164,164,164,164,164,164,164,164,164,164,164,164,164,164,164,164,164,164,164,164,164,164,164,164,164,164,164,164,164,164,164,164,164,164,164,164,164,164,164,164,164,164,164,164,164,164,164,164,164,


